topk:  [(0, [124747, 107596, 44543]), (37406, [124726, 107574, 44352]), (187820, [125153, 107574, 44393])]
topk:  [(0, [121168, 107032, 40141]), (77462, [121310, 106945, 39918]), (122178, [120821, 107045, 40181])]
topk:  [(1534465, [120165, 106136, 43922]), (2005721, [120519, 106262, 43956]), (2068893, [121248, 106098, 43061])]
topk:  [(3603473, [122103, 106450, 41738]), (4280214, [118949, 105054, 41161]), (4634259, [121248, 106098, 43061])]
topk:  [(3746417, [118949, 105054, 41161]), (4102790, [118925, 105418, 41580]), (5423816, [121248, 106098, 43061])]
topk:  [(1139402, [121817, 104564, 44211]), (1790990, [121559, 104900, 44117]), (2590785, [121357, 105255, 43673])]
topk:  [(5472962, [121125, 105789, 43927]), (5649446, [121248, 106098, 43061]), (7201322, [120777, 105962, 44046])]
topk:  [(3336731, [120821, 105799, 44822]), (3406469, [120092, 105785, 44239]), (3791596, [120352, 105928, 44861])]
topk:  [(4239126, [124325, 104201, 43672]), (5736301, [124495, 104510, 43870]), (5865992, [123884, 104764, 43416])]
topk:  [(15778787, [121817, 104564, 44211]), (18969803, [121559, 104900, 44117]), (22322082, [121417, 105230, 44442])]
topk:  [(20787115, [122773, 105829, 48912]), (20990226, [120728, 106199, 47386]), (21526181, [123160, 105854, 48788])]
topk:  [(22908862, [122773, 105829, 48912]), (23871080, [123160, 105854, 48788]), (25663062, [122939, 106110, 48557])]
topk:  [(48621205, [122773, 105829, 48912]), (49155363, [123160, 105854, 48788]), (52847501, [122939, 106110, 48557])]
topk:  [(54288701, [123670, 96273, 41841]), (59726150, [123465, 95367, 41543]), (61498206, [124137, 96107, 41427])]
topk:  [(75596237, [123670, 96273, 41841]), (82344552, [124137, 96107, 41427]), (84243857, [123909, 96174, 41331])]
topk:  [(32090609, [124325, 104201, 43672]), (34936184, [124495, 104510, 43870]), (40119549, [123884, 104764, 43416])]
topk:  [(30949112, [124325, 104201, 43672]), (34789821, [124495, 104510, 43870]), (37286398, [123884, 104764, 43416])]
topk:  [(1220516, [123120, 94800, 41023]), (1384153, [122760, 94919, 41231]), (2105949, [122864, 95188, 41006])]
topk:  [(1222605, [122760, 94919, 41231]), (1720745, [122864, 95188, 41006]), (1856822, [122049, 95670, 40458])]
topk:  [(1444520, [122338, 93164, 39909]), (1797547, [121877, 93155, 40038]), (1948841, [122542, 93565, 39977])]
topk:  [(3710354, [123120, 94800, 41023]), (3963194, [123550, 94115, 38784]), (4188290, [123477, 94272, 38824])]
topk:  [(5085755, [124367, 93107, 38411]), (6219429, [123550, 94115, 38784]), (6552494, [124657, 93792, 38637])]
topk:  [(4505642, [124367, 93107, 38411]), (5147549, [124693, 93318, 38261]), (5302646, [125011, 91913, 37485])]
topk:  [(16802188, [124841, 92348, 37747]), (17561889, [124755, 92987, 36513]), (20028541, [124523, 93196, 36556])]
topk:  [(0, [122023, 106412, 56870]), (84309, [122145, 106396, 57133]), (133460, [122085, 106416, 57230])]
topk:  [(0, [136352, 110961, 25042]), (59774, [136175, 110803, 25101]), (123435, [136589, 110832, 24817])]
topk:  [(1011994, [137249, 110521, 23805]), (1992789, [137043, 110892, 24063]), (2983393, [136748, 110842, 24340])]
topk:  [(2659817, [139878, 111446, 22961]), (2709797, [139943, 111780, 22706]), (3293827, [140161, 110773, 23263])]
topk:  [(7443945, [137249, 110521, 23805]), (9446346, [137043, 110892, 24063]), (11384838, [136361, 111076, 24131])]
topk:  [(15240644, [137249, 110521, 23805]), (24738742, [137775, 110640, 24746]), (26977772, [137795, 110029, 24987])]
topk:  [(12629438, [137283, 110789, 22358]), (17143293, [137829, 111752, 21870]), (20818955, [137249, 110521, 23805])]
topk:  [(5451541, [137118, 112139, 21222]), (6576754, [136637, 110815, 21858]), (6788653, [137829, 111752, 21870])]
topk:  [(12541397, [136637, 110815, 21858]), (13973560, [137118, 112139, 21222]), (15169629, [136588, 111428, 21980])]
topk:  [(9247265, [137118, 112139, 21222]), (13399109, [137829, 111752, 21870]), (14109876, [136637, 110815, 21858])]
topk:  [(14762285, [137118, 112139, 21222]), (18069848, [136588, 111428, 21980]), (18154761, [136704, 112074, 21953])]
topk:  [(14026802, [137118, 112139, 21222]), (15008051, [136637, 110815, 21858]), (16705941, [136588, 111428, 21980])]
topk:  [(13860705, [136637, 110815, 21858]), (15991092, [137118, 112139, 21222]), (16884205, [136588, 111428, 21980])]
topk:  [(8984629, [137118, 112139, 21222]), (10413444, [136637, 110815, 21858]), (12057046, [136588, 111428, 21980])]
topk:  [(6358372, [137118, 112139, 21222]), (9138202, [137829, 111752, 21870]), (9531701, [136637, 110815, 21858])]
topk:  [(0, [101175, 93982, 79591]), (259046, [100861, 94175, 79240]), (292980, [101015, 94106, 79089])]
topk:  [(1116560, [102315, 92436, 79744]), (1255869, [102217, 92472, 79853]), (2058246, [100829, 93259, 79499])]
topk:  [(556082, [101626, 94557, 80145]), (697098, [101378, 94523, 80349]), (1043318, [100814, 94748, 80374])]
topk:  [(0, [102966, 93871, 83124]), (66408, [102734, 93981, 83102]), (359541, [103520, 94008, 82940])]
topk:  [(1137314, [101898, 92651, 82444]), (1863212, [102209, 93078, 82830]), (2140285, [102377, 92728, 83577])]
topk:  [(770562, [99266, 93577, 85419]), (809275, [99957, 93941, 85315]), (1256744, [100024, 94154, 85252])]
topk:  [(11684710, [100519, 90201, 86930]), (11871466, [100596, 90135, 86901]), (12461499, [99755, 90611, 87439])]
topk:  [(9724392, [99957, 93941, 85315]), (10018291, [100024, 94154, 85252]), (12448149, [99266, 93577, 85419])]
topk:  [(8346577, [99957, 93941, 85315]), (8476586, [100024, 94154, 85252]), (10315854, [99266, 93577, 85419])]
topk:  [(22099701, [100707, 94455, 85675]), (22311926, [100441, 94505, 85764]), (22775851, [100514, 94467, 85680])]
topk:  [(58777155, [99923, 94975, 85699]), (62805753, [99688, 94974, 85523]), (63197894, [98871, 95178, 85963])]
topk:  [(64196597, [100134, 90100, 87865]), (64914489, [99755, 90611, 87439]), (65086685, [98832, 91058, 87771])]
topk:  [(75814710, [100134, 90100, 87865]), (78898625, [100219, 89997, 87622]), (80116075, [100168, 90250, 87374])]
topk:  [(113958329, [100707, 94455, 85675]), (115867762, [100441, 94505, 85764]), (116379491, [100514, 94467, 85680])]
topk:  [(99341077, [100134, 90100, 87865]), (101647430, [100219, 89997, 87622]), (102554394, [100168, 90250, 87374])]
topk:  [(83849849, [100707, 94455, 85675]), (85035425, [100134, 90100, 87865]), (85563334, [100441, 94505, 85764])]
topk:  [(94780040, [100134, 90100, 87865]), (97449939, [100219, 89997, 87622]), (98736345, [100168, 90250, 87374])]
topk:  [(324018774, [97403, 99410, 77859]), (328799994, [97125, 99415, 77884]), (347438886, [96666, 98976, 77566])]
topk:  [(42917413, [100707, 94455, 85675]), (44418788, [100441, 94505, 85764]), (44564033, [100514, 94467, 85680])]
topk:  [(0, [108862, 90122, 78239]), (540406, [109275, 90596, 77858]), (757334, [108084, 90417, 78494])]
topk:  [(160419, [109275, 90596, 77858]), (620873, [108862, 90122, 78239]), (926369, [109429, 91499, 77609])]
topk:  [(3064749, [108792, 89458, 76802]), (3650731, [110345, 90110, 78261]), (5010317, [108474, 89499, 77385])]
topk:  [(229034, [111850, 89638, 75841]), (598248, [112485, 89547, 75961]), (684395, [112448, 89364, 75758])]
topk:  [(671594, [112623, 90972, 74204]), (911741, [112607, 91121, 74272]), (1013153, [112511, 91289, 74046])]
topk:  [(143933, [112448, 89364, 75758]), (187290, [112485, 89547, 75961]), (220505, [112533, 89245, 75318])]
topk:  [(405843, [112979, 88504, 74156]), (464381, [112574, 88977, 74492]), (706725, [112990, 88484, 73803])]
topk:  [(323882, [113783, 88613, 73013]), (940598, [114141, 89454, 73424]), (1013736, [113884, 89554, 73233])]
topk:  [(3681561, [114758, 89832, 73070]), (4519809, [114822, 90004, 73234]), (6722373, [114934, 90494, 73304])]
topk:  [(4489736, [112979, 88504, 74156]), (5279706, [112990, 88484, 73803]), (5570114, [112604, 88860, 75007])]
topk:  [(307971, [112604, 88860, 75007]), (868437, [112574, 88977, 74492]), (881512, [112533, 89245, 75318])]
topk:  [(4856536, [108792, 89458, 76802]), (7081586, [108474, 89499, 77385]), (7288940, [108240, 88666, 77700])]
topk:  [(5252371, [108659, 88087, 79052]), (5766993, [110345, 90110, 78261]), (6460178, [108411, 88114, 79072])]
topk:  [(3823933, [108659, 88087, 79052]), (4802706, [108411, 88114, 79072]), (5046414, [108348, 88506, 78441])]
topk:  [(342773, [137825, 125423, 28372]), (385934, [137838, 125406, 28451]), (563346, [137767, 125585, 28517])]
topk:  [(874825, [136866, 124249, 25773]), (983498, [136734, 123863, 24888]), (1136580, [136943, 124401, 25875])]
topk:  [(3652578, [136881, 126310, 25942]), (3907307, [137378, 127212, 26506]), (4561229, [136841, 126026, 25939])]
topk:  [(0, [138019, 115753, 20657]), (409074, [137787, 116082, 21154]), (516153, [137417, 115943, 21000])]
topk:  [(6364293, [137118, 112139, 21222]), (8548601, [136704, 112074, 21953]), (10211931, [139089, 114101, 20841])]
topk:  [(4529570, [139089, 114101, 20841]), (4953704, [139238, 114002, 20897]), (6164358, [139238, 114159, 21158])]
topk:  [(572069, [137158, 115982, 20396]), (845595, [137270, 116141, 20247]), (1186373, [137261, 116267, 19834])]
topk:  [(13701590, [137118, 112139, 21222]), (15110708, [136704, 112074, 21953]), (16551681, [136588, 111428, 21980])]
topk:  [(13575181, [137118, 112139, 21222]), (17695957, [136704, 112074, 21953]), (19539078, [136588, 111428, 21980])]
topk:  [(10633682, [137118, 112139, 21222]), (14454654, [136704, 112074, 21953]), (15960659, [136588, 111428, 21980])]
topk:  [(27828101, [137118, 112139, 21222]), (30523250, [136637, 110815, 21858]), (31007202, [136588, 111428, 21980])]
topk:  [(0, [135919, 118244, 17961]), (527875, [135430, 117717, 17856]), (547560, [135239, 117958, 17903])]
topk:  [(0, [124727, 96474, 35819]), (69545, [124597, 96328, 35642]), (83849, [124717, 96249, 36001])]
topk:  [(52542, [124154, 95777, 34878]), (212774, [124103, 95970, 34998]), (335442, [123957, 96119, 34797])]
topk:  [(2903336, [124915, 94038, 34341]), (3373586, [124797, 93523, 34448]), (3792845, [125358, 93434, 34141])]
topk:  [(8138409, [124963, 95163, 30310]), (8917544, [124843, 94991, 29877]), (10018841, [124045, 95329, 31616])]
topk:  [(19640485, [124843, 94991, 29877]), (19677304, [124963, 95163, 30310]), (20655254, [125202, 95241, 29695])]
topk:  [(47665376, [123940, 96061, 32577]), (50699214, [123374, 95998, 32218]), (54301026, [123776, 96520, 32218])]
topk:  [(0, [129479, 96266, 28658]), (42398, [129417, 96461, 28635]), (185273, [129235, 96605, 28554])]
topk:  [(4261577, [126377, 96443, 28498]), (4767066, [126503, 96404, 28650]), (5728253, [127027, 96475, 28798])]
topk:  [(6198001, [126377, 96443, 28498]), (6764789, [125656, 96416, 28742]), (7152786, [126503, 96404, 28650])]
topk:  [(942361, [125656, 96416, 28742]), (1503589, [125378, 96045, 29045]), (1546349, [126148, 96967, 29119])]
topk:  [(6886963, [129431, 99169, 27764]), (7433348, [129444, 99422, 27613]), (7966189, [129345, 99790, 27381])]
topk:  [(978104, [126377, 96443, 28498]), (1258285, [126503, 96404, 28650]), (1519722, [126376, 96699, 28879])]
topk:  [(3868080, [127720, 99446, 24647]), (3977486, [127809, 99835, 25021]), (4640194, [127667, 100710, 24804])]
topk:  [(14550085, [127667, 100710, 24804]), (14780547, [127809, 99835, 25021]), (14949461, [127720, 99446, 24647])]
topk:  [(13120421, [127720, 99446, 24647]), (14212869, [127809, 99835, 25021]), (14951611, [127667, 100710, 24804])]
topk:  [(11458101, [127809, 99835, 25021]), (11521101, [127720, 99446, 24647]), (12162771, [127667, 100710, 24804])]
834322
